Date,Open,High,Low,Close,Volume,Adj Close
2014-08-25,9393.24,9502.42,9369.24,9436.27,2363100,9436.27
2014-08-18,9222.73,9380.60,9128.66,9380.10,2123600,9380.10
2014-08-11,9109.83,9282.01,9107.21,9206.81,1998800,9206.81
2014-08-04,9280.29,9330.19,9014.89,9085.96,2311800,9085.96
2014-07-28,9415.90,9483.75,9201.83,9266.51,2696000,9266.51
2014-07-21,9453.78,9538.07,9412.48,9439.29,2400000,9439.29
2014-07-14,9497.81,9593.68,9335.38,9400.97,2812900,9400.97
2014-07-07,9497.27,9591.27,9454.67,9495.84,2974100,9495.84
2014-06-30,9332.44,9550.11,9327.89,9510.05,3097600,9510.05
2014-06-23,9293.06,9330.95,9225.73,9306.83,2324600,9306.83
2014-06-16,9196.23,9339.83,9179.56,9273.79,2468200,9273.79
2014-06-09,9153.93,9229.80,9138.93,9196.39,2479200,9196.39
2014-06-03,9106.61,9174.77,9070.45,9134.46,2643500,9134.46
2014-05-26,9040.49,9139.57,9026.77,9075.91,2529600,9075.91
2014-05-19,8901.54,9008.22,8848.53,9008.22,1889900,9008.22
2014-05-12,8893.72,8898.31,8803.43,8888.45,1967800,8888.45
2014-05-05,8895.87,8945.63,8844.45,8889.69,2296700,8889.69
2014-04-28,8680.14,8890.09,8671.65,8867.32,2241200,8867.32
2014-04-21,8961.52,9022.28,8749.51,8774.12,2477000,8774.12
2014-04-14,8897.23,9002.70,8852.66,8966.66,2036600,8966.66
2014-04-07,8844.91,8978.52,8828.59,8908.05,2370100,8908.05
2014-03-31,8802.93,8922.79,8769.97,8888.54,2340000,8888.54
2014-03-24,8540.27,8812.41,8508.01,8774.64,2184600,8774.64
2014-03-17,8697.26,8759.55,8562.57,8577.17,2388900,8577.17
2014-03-10,8706.43,8768.66,8651.54,8687.63,2296400,8687.63
2014-03-03,8627.15,8787.62,8545.24,8713.96,2648300,8713.96
2014-02-24,8603.61,8647.90,8541.65,8639.58,2493500,8639.58
2014-02-17,8537.83,8612.08,8506.06,8601.86,2196900,8601.86
2014-02-10,8416.42,8566.99,8391.95,8513.68,2166600,8513.68
2014-01-27,8519.48,8519.48,8230.46,8387.35,2659800,8387.35
2014-01-20,8595.59,8650.14,8577.14,8598.31,2178200,8598.31
2014-01-13,8587.49,8668.95,8523.46,8596.00,2588600,8596.00
2014-01-06,8553.00,8587.08,8488.64,8529.35,2999000,8529.35
2013-12-30,8552.13,8647.24,8537.86,8546.54,2440800,8546.54
2013-12-23,8441.16,8543.50,8441.16,8535.04,1828200,8535.04
2013-12-16,8368.83,8439.37,8313.87,8408.53,1875400,8408.53
2013-12-09,8439.76,8501.77,8346.83,8376.94,1885400,8376.94
2013-12-02,8429.24,8437.60,8361.99,8367.72,1921900,8367.72
2013-11-25,8182.90,8414.79,8182.90,8406.83,2235300,8406.83
2013-11-18,8201.85,8262.91,8093.82,8116.78,1807600,8116.78
2013-11-11,8228.90,8242.41,8100.73,8177.12,1972900,8177.12
2013-11-04,8371.83,8372.80,8216.33,8229.59,2123700,8229.59
2013-10-28,8365.43,8476.63,8348.42,8388.18,2000200,8388.18
2013-10-21,8456.68,8459.30,8322.15,8346.62,1892900,8346.62
2013-10-14,8339.99,8441.19,8269.16,8441.19,2232300,8441.19
2013-10-07,8354.91,8433.53,8311.59,8349.37,2645600,8349.37
2013-09-30,8174.86,8376.79,8137.11,8364.55,2435500,8364.55
2013-09-23,8226.80,8310.94,8184.68,8230.68,2207700,8230.68
2013-09-16,8189.61,8263.05,8189.61,8209.18,1793500,8209.18
2013-09-09,8176.47,8238.91,8117.87,8168.20,2097700,8168.20
2013-09-02,8010.15,8182.56,7993.13,8164.20,2157200,8164.20
2013-08-26,7906.52,8021.89,7761.76,8021.89,1784900,8021.89
2013-08-19,7937.45,7944.74,7737.33,7873.31,2014500,7873.31
2013-08-12,7878.22,7986.27,7850.27,7925.00,1958500,7925.00
2013-08-05,8104.20,8143.44,7853.97,7856.14,2002800,7856.14
2013-07-29,8146.14,8176.74,8056.22,8099.88,1944500,8099.88
2013-07-22,8092.03,8233.10,8092.03,8149.40,2128800,8149.40
2013-07-15,8178.26,8265.70,8046.70,8062.03,2470700,8062.03
2013-07-08,7980.11,8220.49,7885.00,8220.49,2152700,8220.49
2013-07-01,8011.95,8064.12,7877.06,8001.82,2001700,8001.82
2013-06-24,7788.45,8062.21,7663.23,8062.21,2309600,8062.21
2013-06-17,7953.65,8056.19,7739.09,7793.31,2091400,7793.31
2013-06-10,8161.51,8190.87,7912.37,7937.74,1971100,7937.74
2013-06-03,8177.97,8250.17,8071.98,8095.20,2300200,8095.20
2013-05-27,8218.88,8344.21,8210.32,8254.80,2479900,8254.80
2013-05-20,8364.95,8439.15,8172.54,8209.78,2719300,8209.78
2013-05-13,8285.45,8414.88,8230.65,8368.19,2443000,8368.19
2013-05-06,8188.48,8322.69,8145.10,8280.26,2199000,8280.26
2013-04-29,8043.71,8175.33,8014.27,8135.03,2065700,8135.03
2013-04-22,7976.10,8081.37,7913.60,8022.06,2080900,8022.06
2013-04-15,7815.32,7933.72,7688.62,7930.80,1781400,7930.80
2013-04-08,7831.22,7864.86,7714.93,7821.63,1941200,7821.63
2013-04-01,7934.25,7954.15,7879.55,7942.35,1705800,7942.35
2013-03-25,7862.58,7931.70,7844.84,7918.61,1783000,7918.61
2013-03-18,7886.69,7888.16,7786.56,7796.22,1842500,7796.22
2013-03-11,8021.88,8089.21,7924.94,7927.49,2504300,7927.49
2013-03-04,7966.22,8029.14,7849.52,8015.14,2366800,8015.14
2013-02-25,7986.87,7995.11,7871.23,7964.63,1619700,7964.63
2013-02-18,8000.69,8029.10,7913.16,7947.72,2484300,7947.72
2013-02-04,7882.76,7941.65,7863.91,7906.65,2516200,7906.65
2013-01-28,7685.67,7866.23,7685.67,7855.97,1943000,7855.97
2013-01-21,7725.36,7773.20,7637.20,7672.58,1662100,7672.58
2013-01-14,7795.68,7823.97,7603.27,7732.87,2395500,7732.87
2013-01-07,7797.05,7845.36,7692.98,7819.15,2565600,7819.15
2013-01-02,7738.05,7855.16,7715.26,7805.99,2618600,7805.99
2012-12-24,7542.66,7708.31,7520.62,7699.50,1843100,7699.50
2012-12-17,7664.97,7685.63,7491.52,7519.93,2279600,7519.93
2012-12-10,7658.39,7757.09,7556.67,7698.77,2405600,7698.77
2012-12-03,7582.65,7673.62,7536.66,7642.26,2628100,7642.26
2012-11-26,7372.38,7590.69,7370.28,7580.17,2390200,7580.17
2012-11-19,7134.71,7326.01,7061.87,7326.01,1462600,7326.01
2012-11-12,7303.93,7307.59,7066.28,7130.07,1451800,7130.07
2012-11-05,7200.77,7302.27,7161.70,7293.22,1518700,7293.22
2012-10-29,7147.20,7235.13,7050.05,7210.47,1817300,7210.47
2012-10-22,7333.24,7375.50,7132.77,7134.06,1572400,7134.06
2012-10-15,7433.22,7518.36,7392.61,7408.76,1444800,7408.76
2012-10-08,7707.97,7707.97,7398.80,7437.04,1726900,7437.04
2012-10-01,7702.12,7727.53,7621.38,7690.65,1628100,7690.65
2012-09-24,7760.33,7789.39,7649.50,7715.16,2047600,7715.16
2012-09-17,7768.45,7785.47,7704.61,7754.59,2653200,7754.59
2012-09-10,7435.34,7738.05,7435.34,7738.05,2563400,7738.05
2012-09-03,7430.40,7479.01,7313.56,7424.91,1923100,7424.91
2012-08-27,7504.45,7523.54,7359.83,7397.06,1648400,7397.06
2012-08-20,7482.05,7536.32,7422.44,7477.53,1752200,7477.53
2012-08-13,7495.81,7520.65,7423.84,7467.92,1929100,7467.92
2012-08-06,7311.74,7458.23,7265.96,7441.12,2151900,7441.12
2012-07-30,7159.21,7273.62,7140.53,7217.51,1922100,7217.51
2012-07-23,7105.99,7124.49,6922.73,7124.49,1583000,7124.49
2012-07-16,7135.94,7164.68,7046.09,7164.68,1432400,7164.68
2012-07-09,7301.72,7333.28,7103.71,7104.27,1460400,7104.27
2012-07-02,7332.09,7442.55,7318.22,7368.59,1802800,7368.59
2012-06-25,7222.61,7296.28,7117.17,7296.28,1379700,7296.28
2012-06-18,7263.81,7334.63,7185.31,7222.05,1568200,7222.05
2012-06-11,7081.72,7166.08,7026.27,7155.83,1505500,7155.83
2012-06-04,6907.13,7139.16,6857.35,6999.65,1672400,6999.65
2012-05-28,7067.55,7349.85,7047.32,7106.09,1989100,7106.09
2012-05-21,7164.90,7274.89,7066.39,7071.63,1464900,7071.63
2012-05-14,7389.89,7412.59,7149.36,7151.19,1711000,7151.19
2012-05-07,7608.35,7608.35,7382.95,7401.37,1596700,7401.37
2012-04-30,7439.22,7704.87,7422.14,7700.95,2058300,7700.95
2012-04-23,7488.82,7600.45,7430.93,7480.50,1646100,7480.50
2012-04-16,7747.36,7752.10,7507.15,7507.15,1712200,7507.15
2012-04-09,7587.68,7788.27,7529.39,7788.27,1757900,7788.27
2012-04-02,7905.88,7928.43,7528.03,7706.26,2141100,7706.26
2012-03-26,8073.93,8085.43,7775.75,7933.00,2351700,7933.00
2012-03-19,8113.46,8123.15,7940.19,8076.61,2090400,8076.61
2012-03-12,8028.87,8170.31,7927.55,8054.94,2602000,8054.94
2012-03-05,8105.27,8115.49,7824.45,8016.01,2783100,8016.01
2012-02-29,8046.14,8170.72,8046.14,8144.04,3151000,8144.04
2012-02-20,7959.99,8018.54,7870.26,7959.34,2983000,7959.34
2012-02-13,7849.21,8013.46,7829.76,7894.36,3813800,7894.36
2012-02-06,7752.28,7941.63,7673.91,7862.27,3779000,7862.27
2012-01-30,7382.72,7674.99,7382.72,7674.99,4129900,7674.99
2012-01-16,7241.92,7258.84,7091.35,7233.69,2573200,7233.69
2012-01-09,7103.09,7249.94,7050.25,7181.54,2277000,7181.54
2012-01-02,7071.35,7139.04,6948.67,7120.51,1968000,7120.51
2011-12-26,7125.04,7139.03,6998.97,7072.08,1681000,7072.08
2011-12-19,6780.64,7122.28,6609.11,7110.73,2130400,7110.73
2011-12-12,6975.62,7002.09,6757.33,6785.09,1553700,6785.09
2011-12-05,7149.58,7149.59,6831.39,6893.30,1740400,6893.30
2011-11-28,6844.30,7199.26,6844.30,7140.68,2416800,7140.68
2011-11-21,7166.26,7183.47,6744.26,6784.52,2374100,6784.52
2011-11-14,7472.16,7544.23,7233.78,7233.78,1926800,7233.78
2011-11-07,7623.16,7683.09,7274.84,7367.29,2257300,7367.29
2011-10-31,7637.48,7658.97,7448.28,7603.23,2447500,7603.23
2011-10-24,7352.43,7743.37,7352.43,7616.06,2630700,7616.06
2011-10-17,7412.88,7475.06,7205.21,7254.51,1650100,7254.51
2011-10-11,7348.86,7444.33,7323.54,7358.08,2273900,7358.08
2011-10-03,7128.66,7253.09,6889.99,7211.96,2118400,7211.96
2011-09-26,7026.49,7251.87,6877.12,7225.38,2487800,7225.38
2011-09-19,7572.83,7574.78,6997.61,7046.22,2488700,7046.22
2011-09-13,7530.00,7606.70,7186.75,7577.40,2730200,7577.40
2011-09-05,7637.90,7651.27,7357.76,7610.57,2286200,7610.57
2011-08-29,7482.92,7886.04,7474.31,7757.06,2517200,7757.06
2011-08-22,7348.71,7594.81,7248.69,7445.10,2710000,7445.10
2011-08-15,7769.17,7896.19,7316.83,7342.96,2510900,7342.96
2011-08-08,7769.60,7853.53,7148.76,7637.02,4288800,7637.02
2011-08-01,8629.97,8707.87,7844.77,7853.13,3410600,7853.13
2011-07-25,8764.68,8819.93,8638.67,8644.18,2741500,8644.18
2011-07-18,8550.16,8794.48,8473.91,8765.32,2728100,8765.32
2011-07-11,8749.55,8749.55,8410.44,8574.91,2414200,8574.91
2011-07-04,8801.51,8842.17,8740.00,8749.55,2341800,8749.55
2011-06-27,8456.36,8744.20,8433.46,8739.82,2175000,8739.82
2011-06-20,8679.15,8685.33,8508.16,8532.83,2052400,8532.83
2011-06-13,8791.67,8876.14,8618.85,8636.10,2127600,8636.10
2011-06-07,9025.21,9070.25,8837.82,8837.82,1891400,8837.82
2011-05-30,8757.66,9089.47,8748.13,9046.28,2306500,9046.28
2011-05-23,8767.30,8860.03,8673.38,8810.00,2075200,8810.00
2011-05-16,8996.70,9026.18,8822.75,8837.03,2217000,8837.03
2011-05-09,9001.80,9082.01,8963.24,9006.61,2439100,9006.61
2011-05-03,9014.33,9029.58,8864.55,8977.23,2627800,8977.23
2011-04-25,9015.91,9099.75,8866.74,9007.87,2934200,9007.87
2011-04-18,8752.56,8992.67,8592.23,8969.43,2676900,8969.43
2011-04-11,8922.75,8922.75,8700.08,8718.12,2280700,8718.12
2011-04-06,8772.13,8929.06,8767.21,8894.54,2917800,8894.54
2011-03-28,8587.99,8705.13,8522.57,8705.13,2204900,8705.13
2011-03-21,8421.66,8658.05,8394.22,8610.39,2520200,8610.39
2011-03-14,8616.29,8616.29,8070.52,8394.75,3513000,8394.75
2011-03-07,8769.87,8824.41,8513.51,8567.82,2554400,8567.82
2011-03-01,8611.79,8829.23,8611.79,8784.40,2925200,8784.40
2011-02-21,8867.16,8867.16,8470.09,8599.65,3236600,8599.65
2011-02-14,8666.61,8874.50,8565.05,8843.84,3137600,8843.84
2011-02-08,9220.69,9220.69,8574.65,8609.86,3910100,8609.86
2011-01-24,8983.59,9154.93,8927.49,9145.35,3075900,9145.35
2011-01-17,8998.89,9092.28,8887.03,8954.38,3494900,8954.38
2011-01-10,8798.05,9034.17,8762.50,8972.51,3417600,8972.51
2011-01-03,9039.63,9046.18,8738.93,8782.72,4999400,8782.72
2010-12-27,8866.67,8990.38,8828.67,8972.50,4078300,8972.50
2010-12-20,8861.09,8914.34,8740.30,8861.10,3404200,8861.10
2010-12-13,8748.64,8860.38,8698.41,8817.90,3677300,8817.90
2010-12-06,8675.45,8782.82,8654.49,8718.83,3658900,8718.83
2010-11-29,8399.77,8659.62,8331.51,8624.01,3807800,8624.01
2010-11-22,8343.32,8396.49,8277.33,8312.15,2326800,8312.15
2010-11-15,8287.83,8372.16,8226.71,8306.12,2163200,8306.12
2010-11-08,8473.66,8473.66,8309.36,8316.05,2941700,8316.05
2010-11-01,8343.52,8458.47,8273.47,8449.34,3322000,8449.34
2010-10-25,8204.01,8386.29,8199.49,8287.09,3065900,8287.09
2010-10-18,8209.39,8209.39,7992.81,8168.06,3849000,8168.06
2010-10-11,8277.78,8277.78,8058.59,8205.30,4158100,8205.30
2010-10-04,8261.16,8310.80,8155.30,8244.19,4893900,8244.19
2010-09-27,8239.11,8286.93,8173.26,8244.18,4360100,8244.18
2010-09-20,8174.88,8251.42,8129.21,8166.62,4447700,8166.62
2010-09-13,7961.98,8197.82,7946.98,8158.33,4921200,8158.33
2010-09-06,7879.70,7922.07,7817.87,7890.11,4286700,7890.11
2010-08-30,7797.26,7830.21,7577.10,7830.21,3951700,7830.21
2010-08-23,7938.21,8013.12,7662.23,7722.91,4591800,7722.91
2010-08-16,7884.28,7984.57,7850.13,7927.31,4753900,7927.31
2010-08-09,7974.67,8054.29,7776.66,7891.58,4864700,7891.58
2010-08-02,7829.19,8018.74,7829.19,7963.30,5148900,7963.30
2010-07-26,7787.07,7807.07,7726.40,7760.63,4079300,7760.63
2010-07-19,7602.68,7782.02,7596.26,7761.22,3670200,7761.22
2010-07-12,7674.26,7732.31,7587.87,7664.57,3873400,7664.57
2010-07-05,7351.18,7652.55,7351.18,7647.25,3823800,7647.25
2010-06-28,7507.15,7584.81,7251.60,7330.74,3326400,7330.74
2010-06-21,7595.93,7645.71,7463.29,7474.71,3231600,7474.71
2010-06-14,7372.93,7538.55,7347.23,7493.11,2806900,7493.11
2010-06-07,7139.76,7321.60,7048.60,7299.49,2903100,7299.49
2010-05-31,7312.26,7377.56,7159.75,7344.59,2612100,7344.59
2010-05-24,7296.15,7364.01,7032.40,7295.32,3328400,7295.32
2010-05-17,7697.79,7697.79,7164.21,7237.71,3261600,7237.71
2010-05-10,7610.88,7787.32,7577.31,7772.13,3332400,7772.13
2010-05-03,7979.80,8022.45,7387.19,7567.10,4136400,7567.10
2010-04-26,8107.22,8174.85,7944.70,8004.25,4457400,8004.25
2010-04-19,8003.02,8042.05,7842.07,8004.89,4112500,8004.89
2010-04-12,8149.76,8190.01,8022.94,8111.57,4309600,8111.57
2010-04-06,8083.03,8149.68,8038.37,8092.03,4353500,8092.03
2010-03-29,7918.95,8050.99,7909.06,8025.93,4043500,8025.93
2010-03-22,7861.90,7909.41,7753.51,7876.86,3870200,7876.86
2010-03-15,7750.87,7922.48,7634.92,7897.91,3543900,7897.91
2010-03-08,7741.80,7818.84,7716.28,7748.33,3017800,7748.33
2010-03-01,7492.84,7694.89,7451.09,7666.26,3272800,7666.26
2010-02-22,7619.87,7619.87,7383.68,7436.10,3039300,7436.10
2010-02-08,7236.63,7496.34,7173.18,7441.84,3582600,7441.84
2010-02-01,7653.89,7661.70,7196.39,7217.83,3512600,7217.83
2010-01-25,7845.30,7938.14,7481.90,7640.44,4242100,7640.44
2010-01-18,8290.38,8395.39,7912.85,7927.31,5039300,7927.31
2010-01-11,8291.52,8380.23,8194.81,8356.89,5301800,8356.89
2010-01-04,8222.42,8369.55,8143.45,8280.90,6502000,8280.90
2009-12-28,8007.54,8188.80,8007.54,8188.11,5278100,8188.11
2009-12-21,7797.65,8009.00,7787.27,7972.59,4196800,7972.59
2009-12-14,7793.14,7846.78,7688.00,7753.63,4274600,7753.63
2009-12-07,7704.69,7829.41,7631.06,7795.07,4678500,7795.07
2009-11-30,7582.69,7741.85,7549.01,7650.91,3851300,7650.91
2009-11-23,7694.90,7818.00,7490.91,7490.91,4201500,7490.91
2009-11-16,7701.97,7875.48,7649.19,7682.97,4655400,7682.97
2009-11-09,7562.59,7709.89,7512.50,7665.63,3431900,7665.63
2009-11-02,7238.30,7521.01,7218.89,7463.05,3257400,7463.05
2009-10-26,7701.19,7751.68,7233.63,7340.08,3905700,7340.08
2009-10-19,7712.33,7811.92,7577.89,7649.28,4384800,7649.28
2009-10-12,7620.17,7780.66,7471.53,7715.10,4894100,7715.10
2009-10-05,7424.24,7635.66,7381.02,7571.96,4827900,7571.96
2009-09-28,7332.49,7599.62,7257.63,7411.88,3896700,7411.88
2009-09-21,7523.00,7558.88,7280.04,7345.22,3966000,7345.22
2009-09-14,7337.04,7526.55,7218.18,7526.55,4167500,7526.55
2009-09-07,7192.16,7507.49,7169.40,7337.14,4680600,7337.14
2009-08-31,6844.91,7178.54,6760.05,7153.13,4186600,7153.13
2009-08-24,6766.76,6865.92,6658.73,6809.86,3206300,6809.86
2009-08-17,7034.27,7051.78,6629.10,6654.80,3539000,6654.80
2009-08-10,6858.87,7132.33,6812.06,7069.51,3966400,7069.51
2009-08-03,7036.47,7138.94,6775.87,6868.65,5440300,6868.65
2009-07-27,7008.18,7185.52,6944.50,7077.71,5287200,7077.71
2009-07-20,6921.64,7046.46,6861.02,6973.28,5338200,6973.28
2009-07-13,6795.23,6878.68,6525.90,6850.99,4529600,6850.99
2009-07-06,6691.02,6807.46,6615.90,6769.86,4362600,6769.86
2009-06-29,6512.42,6686.70,6381.42,6665.40,4104400,6665.40
2009-06-22,6256.38,6527.86,6191.63,6463.56,4174500,6463.56
2009-06-15,6362.22,6383.98,6100.08,6231.15,3812600,6231.15
2009-06-08,6907.32,6907.32,6353.78,6448.23,4984700,6448.23
2009-06-01,7033.33,7084.83,6716.33,6767.10,6443400,6767.10
2009-05-25,6838.70,6930.59,6649.95,6890.44,7932800,6890.44
2009-05-18,6516.13,6784.26,6457.14,6737.29,7740200,6737.29
2009-05-11,6581.70,6680.97,6339.47,6489.09,6835400,6489.09
2009-05-04,6285.60,6628.54,6256.29,6583.87,8711200,6583.87
2009-04-27,5931.87,5995.12,5571.93,5992.57,5802000,5992.57
2009-04-20,5764.48,5987.23,5648.10,5880.77,6119600,5880.77
2009-04-13,5814.17,6071.06,5706.03,5755.38,7680700,5755.38
2009-04-06,5590.70,5788.21,5435.04,5781.96,7131100,5781.96
2009-03-30,5362.90,5567.15,5166.87,5529.63,6554200,5529.63
2009-03-23,5022.60,5468.49,5015.82,5390.70,6560200,5390.70
2009-03-16,4940.85,5125.40,4915.40,4961.62,5511600,4961.62
2009-03-09,4643.62,4923.57,4578.05,4897.39,4887700,4897.39
2009-03-02,4528.27,4677.89,4328.05,4653.63,4140700,4653.63
2009-02-23,4420.43,4564.32,4371.02,4557.15,3130600,4557.15
2009-02-16,4605.77,4607.97,4428.29,4436.94,3235100,4436.94
2009-02-09,4562.68,4599.61,4448.24,4592.50,3582800,4592.50
2009-02-02,4277.10,4507.30,4240.08,4471.25,2940900,4471.25
2009-01-19,4389.08,4398.53,4164.19,4247.97,2395400,4247.97
2009-01-12,4487.68,4579.24,4313.19,4353.70,2860300,4353.70
2009-01-05,4725.26,4817.44,4472.45,4502.74,3925800,4502.74
2008-12-29,4429.35,4627.98,4381.49,4591.22,2781200,4591.22
2008-12-22,4735.17,4750.96,4325.46,4425.08,3020300,4425.08
2008-12-15,4604.50,4725.06,4532.41,4694.52,4273500,4694.52
2008-12-08,4278.61,4694.40,4278.61,4481.27,4841900,4481.27
2008-12-01,4436.12,4567.76,4190.02,4225.07,3660200,4225.07
2008-11-24,4158.76,4476.33,4081.66,4460.49,3410700,4460.49
2008-11-17,4362.53,4475.93,3955.43,4171.10,3115200,4171.10
2008-11-10,4711.61,4772.32,4374.64,4452.70,3125800,4452.70
2008-11-03,4925.74,5095.98,4468.08,4742.33,4035400,4742.33
2008-10-27,4301.33,4911.80,4110.09,4870.66,3970100,4870.66
2008-10-20,4845.31,5045.45,4579.62,4579.62,2331200,4579.62
2008-10-13,4996.06,5321.25,4924.73,4960.40,2576300,4960.40
2008-10-06,5566.56,5590.52,5130.71,5130.71,3242900,5130.71
2008-09-30,5534.72,5854.00,5534.72,5742.23,2994800,5742.23
2008-09-22,6156.86,6198.48,5881.58,5929.63,4079800,5929.63
2008-09-15,6198.30,6202.14,5530.19,5970.38,3984800,5970.38
2008-09-08,6560.73,6668.45,6171.35,6310.68,3641700,6310.68
2008-09-01,6967.22,6967.22,6211.35,6307.28,3784600,6307.28
2008-08-25,6974.07,7127.84,6917.31,7046.11,3267500,7046.11
2008-08-18,7189.68,7213.69,6837.25,6911.64,3413600,6911.64
2008-08-11,7313.08,7376.69,7181.69,7196.50,4252200,7196.50
2008-08-04,6947.25,7216.58,6809.96,7209.04,4088000,7209.04
2008-07-29,7052.58,7172.48,6903.85,7002.54,3629600,7002.54
2008-07-21,6991.71,7368.08,6991.71,7233.62,4294300,7233.62
2008-07-14,7214.21,7270.49,6708.46,6815.32,4397400,6815.32
2008-07-07,7207.92,7343.63,6976.60,7244.76,4182000,7244.76
2008-06-30,7602.51,7604.42,7115.07,7228.41,4186200,7228.41
2008-06-23,7767.59,7928.41,7466.20,7548.76,3979900,7548.76
2008-06-16,8191.22,8253.85,7897.97,7902.44,3655000,7902.44
2008-06-09,8522.37,8602.11,8042.89,8105.59,4158100,8105.59
2008-06-02,8638.48,8809.33,8520.80,8745.35,3836800,8745.35
2008-05-26,8808.74,8834.52,8548.32,8619.08,4735500,8619.08
2008-05-19,9249.57,9309.95,8834.73,8834.73,5828200,8834.73
2008-05-12,8808.59,9241.52,8754.27,9197.41,5268400,9197.41
2008-05-05,8968.54,8977.90,8782.96,8792.39,5067900,8792.39
2008-04-28,8965.73,9079.60,8882.57,8963.63,5285100,8963.63
2008-04-21,9156.77,9160.10,8945.22,8947.83,5571400,8947.83
2008-04-14,8877.47,9194.86,8839.12,9074.34,6967000,9074.34
2008-04-07,8638.63,8937.12,8619.99,8909.58,5376100,8909.58
2008-03-31,8605.90,8627.53,8419.72,8596.34,4938200,8596.34
2008-03-24,9049.23,9049.23,8559.10,8623.48,6822600,8623.48
2008-03-17,8041.31,8539.91,7900.80,8524.99,5103200,8524.99
2008-03-10,8500.81,8577.85,8120.49,8161.39,4790600,8161.39
2008-03-03,8213.70,8658.64,8147.27,8531.38,6147100,8531.38
2008-02-25,8228.92,8473.71,8228.92,8412.76,6264200,8412.76
2008-02-18,7925.30,8108.71,7855.48,8108.71,4439300,8108.71
2008-02-12,7568.30,7888.15,7530.37,7876.37,3895300,7876.37
2008-01-28,7678.81,7706.03,7400.74,7673.99,4072700,7673.99
2008-01-21,8167.48,8220.63,7384.61,7739.59,5170500,7739.59
2008-01-14,8254.00,8546.20,7883.91,8184.65,6734200,8184.65
2008-01-07,7959.92,8177.13,7818.31,8029.31,4448200,8029.31
2007-12-31,8450.32,8532.92,8097.85,8221.10,4054900,8221.10
2007-12-24,8074.44,8460.18,8061.31,8396.95,3605600,8396.95
2007-12-17,8041.60,8092.96,7664.62,7941.44,4210600,7941.44
2007-12-10,8700.48,8706.58,7922.66,8118.08,3954600,8118.08
2007-12-03,8623.12,8804.93,8557.00,8722.38,3879100,8722.38
2007-11-26,8462.93,8590.63,8207.97,8586.40,4072600,8586.40
2007-11-19,8818.42,8838.28,8342.20,8342.20,4122900,8342.20
2007-11-12,8755.37,8993.89,8599.39,8764.82,4469700,8764.82
2007-11-05,9251.86,9437.43,8853.81,8970.92,5142000,8970.92
2007-10-29,9743.73,9859.65,9248.34,9273.09,5829200,9273.09
2007-10-22,9278.89,9661.94,9275.72,9631.51,4775000,9631.51
2007-10-15,9565.36,9673.96,9431.66,9611.72,4860600,9611.72
2007-10-08,9736.93,9744.97,9490.01,9496.47,5393800,9496.47
2007-10-01,9523.98,9783.75,9474.40,9617.26,5821000,9617.26
2007-09-26,9180.93,9474.05,9178.77,9411.95,5687400,9411.95
2007-09-17,9039.28,9109.52,8874.71,9105.28,4879200,9105.28
2007-09-10,8868.00,9084.97,8845.90,9031.63,4044200,9031.63
2007-09-03,9018.89,9078.47,8841.64,9018.08,4258800,9018.08
2007-08-27,8849.96,8982.16,8514.47,8982.16,4253200,8982.16
2007-08-20,8496.97,8741.64,8397.26,8690.09,4426500,8690.09
2007-08-13,9030.82,9030.93,7987.61,8090.29,5475900,8090.29
2007-08-06,8865.58,9219.02,8856.91,8931.31,5124200,8931.31
2007-07-30,9037.35,9307.81,8727.64,9057.82,7170700,9057.82
2007-07-23,9576.06,9807.91,9162.28,9162.28,8926400,9162.28
2007-07-16,9514.09,9585.90,9337.67,9585.90,8331400,9585.90
2007-07-09,9246.44,9540.35,9239.20,9471.30,8140600,9471.30
2007-07-02,8903.77,9199.66,8849.35,9188.31,6758000,9188.31
2007-06-25,8882.30,8985.93,8820.68,8883.21,5720500,8883.21
2007-06-20,8651.26,8884.03,8636.47,8846.39,5960200,8846.39
2007-06-11,8351.03,8578.33,8328.61,8573.64,4688000,8573.64
2007-06-04,8310.09,8376.97,8263.61,8300.71,4242800,8300.71
2007-05-28,8194.83,8261.67,8110.28,8249.90,3522400,8249.90
2007-05-21,8067.23,8256.25,8043.90,8159.97,3661200,8159.97
2007-05-14,8072.15,8080.63,7968.92,8034.14,2788000,8034.14
2007-05-07,8122.20,8132.80,8018.64,8031.54,3178600,8031.54
2007-04-30,7956.03,8066.06,7843.05,8066.06,3678700,8066.06
2007-04-23,8009.55,8062.70,7949.42,7949.42,3801200,7949.42
2007-04-16,8088.83,8100.61,7883.92,7942.67,4422200,7942.67
2007-04-09,8048.34,8108.50,7999.69,8002.30,4486200,8002.30
2007-04-02,7888.17,8021.59,7866.59,8004.61,4627200,8004.61
2007-03-26,7878.59,7928.03,7764.05,7884.41,3947400,7884.41
2007-03-19,7739.56,7879.09,7713.78,7859.32,3720200,7859.32
2007-03-12,7611.15,7743.37,7526.48,7719.80,3703900,7719.80
2007-03-05,7565.95,7619.35,7306.07,7568.20,3702200,7568.20
2007-02-26,7939.40,7950.20,7625.99,7670.77,4028500,7670.77
2007-02-12,7826.46,7826.46,7725.81,7809.45,2856400,7809.45
2007-02-05,7786.77,7894.77,7772.05,7859.53,3151400,7859.53
2007-01-29,7831.57,7838.92,7637.54,7777.03,3035000,7777.03
2007-01-22,7866.17,7990.55,7784.21,7821.32,4076600,7821.32
2007-01-15,7809.91,7896.95,7741.49,7840.08,4040000,7840.08
2007-01-08,7778.57,7827.93,7599.55,7761.71,4835100,7761.71
2007-01-02,7871.41,7999.42,7821.71,7835.57,5640200,7835.57
2006-12-25,7658.05,7823.72,7635.16,7823.72,4694200,7823.72
2006-12-18,7568.82,7685.88,7561.88,7652.47,4428400,7652.47
2006-12-11,7635.69,7635.72,7369.09,7538.82,4371400,7538.82
2006-12-04,7622.09,7716.85,7575.14,7636.30,5274900,7636.30
2006-11-27,7494.59,7621.81,7431.87,7613.57,5575100,7613.57
2006-11-20,7266.40,7430.90,7228.97,7427.36,4517600,7427.36
2006-11-13,7182.78,7290.25,7136.06,7259.54,4523600,7259.54
2006-11-06,7036.89,7242.45,7036.89,7174.20,4303100,7174.20
2006-10-30,7050.05,7186.98,6995.10,7161.61,3234100,7161.61
2006-10-23,7041.70,7132.29,7008.13,7086.74,3419900,7086.74
2006-10-16,7102.97,7159.85,6980.07,7039.37,3554200,7039.37
2006-10-11,6984.45,7096.51,6983.46,7068.80,3889600,7068.80
2006-10-02,6907.43,7004.42,6874.98,6997.24,3462700,6997.24
2006-09-25,6879.68,6961.92,6844.33,6883.05,2987000,6883.05
2006-09-18,6784.77,6938.93,6775.12,6885.60,3088800,6885.60
2006-09-11,6714.36,6802.84,6550.03,6681.09,2530000,6681.09
2006-09-04,6706.51,6766.81,6630.25,6693.11,2596500,6693.11
2006-08-28,6515.08,6667.62,6422.38,6651.46,2581400,6651.46
2006-08-21,6715.72,6715.72,6454.71,6526.22,2602600,6526.22
2006-08-14,6588.47,6761.79,6587.36,6721.08,3189400,6721.08
2006-08-07,6425.99,6617.23,6405.09,6571.10,2782400,6571.10
2006-07-31,6528.23,6531.11,6421.55,6442.61,2684400,6442.61
2006-07-24,6316.83,6490.36,6308.72,6480.07,2552000,6480.07
2006-07-17,6402.77,6446.29,6232.49,6420.01,2602200,6420.01
2006-07-10,6609.86,6725.42,6413.92,6428.03,2668000,6428.03
2006-07-03,6727.23,6789.55,6608.49,6660.61,2882400,6660.61
2006-06-26,6464.40,6731.07,6448.51,6704.41,3225800,6704.41
2006-06-19,6576.55,6603.98,6290.63,6452.31,3092200,6452.31
2006-06-12,6384.32,6629.33,6328.38,6575.77,2977300,6575.77
2006-06-05,6956.77,6967.38,6268.92,6444.63,3270000,6444.63
2006-05-29,6913.10,6967.09,6829.40,6959.64,2910100,6959.64
2006-05-22,7111.42,7112.42,6791.11,6879.51,3800400,6879.51
2006-05-15,7225.80,7240.92,6987.65,7074.15,4085800,7074.15
2006-05-08,7438.41,7476.07,7254.97,7278.96,5626800,7278.96
2006-05-02,7174.93,7455.83,7141.91,7370.44,5835600,7370.44
2006-04-24,7066.19,7229.35,7047.96,7171.77,4801800,7171.77
2006-04-17,6982.47,7160.74,6918.46,7093.05,4656000,7093.05
2006-04-10,6759.38,6952.54,6709.83,6952.54,3808500,6952.54
2006-04-03,6627.32,6802.94,6615.98,6781.94,3298300,6781.94
2006-03-27,6408.20,6632.63,6399.08,6613.97,2625200,6613.97
2006-03-20,6554.18,6569.53,6344.73,6376.62,2430600,6376.62
2006-03-13,6520.36,6594.18,6444.14,6528.57,2772900,6528.57
2006-03-06,6547.73,6582.21,6436.14,6490.68,2388700,6490.68
2006-02-27,6496.55,6685.45,6481.99,6553.66,2955000,6553.66
2006-02-20,6652.55,6717.53,6466.21,6538.22,2905000,6538.22
2006-02-13,6591.99,6726.73,6540.71,6673.75,3114600,6673.75
2006-02-06,6568.35,6747.43,6530.80,6594.92,3651100,6594.92
2006-01-23,6385.88,6626.43,6373.63,6594.60,2933000,6594.60
2006-01-16,6680.88,6775.73,6442.78,6486.63,3668900,6486.63
2006-01-09,6752.09,6797.20,6650.61,6682.35,4924900,6682.35
2006-01-02,6457.61,6761.01,6424.03,6694.82,5489600,6694.82
2005-12-26,6565.67,6600.17,6479.34,6548.34,4709700,6548.34
2005-12-19,6386.36,6516.11,6374.49,6512.63,4152100,6512.63
2005-12-12,6272.61,6375.33,6206.83,6350.69,3475600,6350.69
2005-12-05,6280.81,6370.82,6223.35,6264.36,4012200,6264.36
2005-11-28,6167.08,6258.34,6139.51,6228.95,3707300,6228.95
2005-11-21,6130.80,6145.01,6050.24,6128.20,2951200,6128.20
2005-11-14,6066.24,6121.60,5994.91,6106.74,3023000,6106.74
2005-11-07,5905.36,6075.26,5836.24,6075.26,3111000,6075.26
2005-10-31,5692.82,5930.24,5681.20,5911.74,2971200,5911.74
2005-10-24,5761.33,5803.67,5618.90,5632.97,2807000,5632.97
2005-10-17,5990.23,5991.35,5647.92,5738.76,3084900,5738.76
2005-10-11,6097.88,6112.68,5928.86,5969.07,2746100,5969.07
2005-10-03,6128.97,6171.87,6075.67,6081.84,3007400,6081.84
2005-09-26,5967.69,6118.61,5894.99,6118.61,2810200,6118.61
2005-09-19,6044.16,6121.62,5899.59,5925.54,2677000,5925.54
2005-09-12,6155.38,6186.12,6015.56,6031.24,2530100,6031.24
2005-09-05,6131.95,6170.00,6094.00,6119.06,2449600,6119.06
2005-08-29,6117.27,6130.79,5976.40,6116.05,2793400,6116.05
2005-08-22,6194.89,6234.31,6097.23,6136.55,2719400,6136.55
2005-08-15,6344.88,6344.88,6138.62,6158.94,2828900,6158.94
2005-08-08,6400.04,6430.13,6326.37,6350.90,3257800,6350.90
2005-08-01,6320.67,6481.62,6290.93,6446.01,3624000,6446.01
2005-07-25,6406.45,6439.98,6305.93,6311.98,4108500,6311.98
2005-07-19,6403.71,6480.97,6344.84,6380.73,4283200,6380.73
2005-07-11,6255.40,6454.33,6249.41,6410.59,4144600,6410.59
2005-07-04,6269.63,6288.96,6180.58,6201.40,3020400,6201.40
2005-06-27,6307.61,6375.68,6195.17,6272.14,3094200,6272.14
2005-06-20,6311.67,6401.81,6265.69,6340.69,3665000,6340.69
2005-06-13,6194.90,6357.39,6167.78,6293.56,3790600,6293.56
2005-06-06,6109.30,6198.30,6086.41,6192.35,4050800,6192.35
2005-05-30,5996.89,6113.49,5962.88,6107.95,3708500,6107.95
2005-05-23,5953.28,5998.78,5879.08,5991.55,2400200,5991.55
2005-05-16,5992.31,5997.77,5879.19,5954.69,2495100,5954.69
2005-05-09,5957.92,6001.19,5900.72,5981.48,2499600,5981.48
2005-05-03,5845.14,5974.86,5793.25,5967.96,2883200,5967.96
2005-04-25,5753.24,5842.27,5727.42,5818.07,2129800,5818.07
2005-04-18,5809.76,5809.76,5565.41,5747.09,2846400,5747.09
2005-04-11,6021.33,6021.33,5875.67,5888.37,2408400,5888.37
2005-04-04,6013.70,6048.37,5971.76,6024.07,2877300,6024.07
2005-03-28,6091.83,6093.19,5940.18,6028.75,2667300,6028.75
2005-03-21,6056.10,6077.94,5970.20,6065.91,2736300,6065.91
2005-03-14,6181.83,6193.32,6002.10,6043.95,2942300,6043.95
2005-03-07,6224.44,6257.54,6156.98,6204.23,3778100,6204.23
2005-03-01,6227.42,6267.52,6164.15,6193.62,3718800,6193.62
2005-02-21,6145.56,6233.53,6048.63,6207.83,3979700,6207.83
2005-02-14,6130.32,6158.80,6062.96,6115.43,3586000,6115.43
2005-01-31,5905.30,6064.66,5900.37,6034.60,3711700,6034.60
2005-01-24,5859.89,5902.72,5734.87,5879.93,2587600,5879.93
2005-01-17,5955.62,5969.03,5835.68,5848.91,2765600,5848.91
2005-01-10,5950.12,5993.39,5813.15,5889.52,2808200,5889.52
2005-01-03,6166.39,6183.15,5934.83,5935.99,3129400,5935.99
2004-12-27,6018.02,6160.96,5973.17,6139.69,3342600,6139.69
2004-12-20,5913.27,6043.77,5910.04,6019.42,2743600,6019.42
2004-12-13,5901.45,6028.75,5818.28,6009.32,3651400,6009.32
2004-12-06,5864.45,5927.68,5857.64,5911.63,2609500,5911.63
2004-11-29,5797.95,5893.27,5722.18,5893.27,2836900,5893.27
2004-11-22,5962.32,5970.33,5778.65,5778.65,3031700,5778.65
2004-11-15,5961.08,6088.12,5894.98,6026.55,3478600,6026.55
2004-11-08,5937.16,5957.58,5873.28,5917.16,2756600,5917.16
2004-11-01,5725.65,5959.88,5628.25,5931.31,3175100,5931.31
2004-10-26,5715.49,5735.24,5597.80,5705.93,2890800,5705.93
2004-10-18,5848.15,5857.54,5756.26,5774.67,2885000,5774.67
2004-10-11,6079.25,6096.28,5782.02,5820.82,3911600,5820.82
2004-10-04,6020.68,6135.55,6012.92,6102.16,5273900,6102.16
2004-09-27,5872.02,5945.35,5809.75,5945.35,3529200,5945.35
2004-09-20,5846.74,5970.18,5814.15,5892.21,3764000,5892.21
2004-09-13,5917.61,5970.29,5814.40,5818.39,3783200,5818.39
2004-09-06,5747.34,5898.80,5712.95,5846.19,3883800,5846.19
2004-08-30,5791.87,5880.21,5745.33,5761.14,4209700,5761.14
2004-08-23,5651.77,5837.61,5620.51,5797.71,4075200,5797.71
2004-08-16,5380.64,5670.35,5299.62,5622.86,2945800,5622.86
2004-08-09,5332.44,5438.43,5313.80,5389.93,1996200,5389.93
2004-08-02,5404.19,5466.29,5255.06,5399.16,2537000,5399.16
2004-07-26,5318.67,5450.38,5280.42,5420.57,2246800,5420.57
2004-07-19,5483.61,5528.01,5285.16,5373.85,2786300,5373.85
2004-07-12,5802.35,5804.92,5501.93,5502.14,2681200,5502.14
2004-07-05,5687.61,5780.68,5627.72,5777.72,2331400,5777.72
2004-06-28,5806.62,5870.59,5652.44,5746.70,2800300,5746.70
2004-06-21,5666.61,5827.97,5542.36,5802.55,3291600,5802.55
2004-06-14,5753.23,5782.67,5514.17,5569.29,3060100,5569.29
2004-06-07,5803.01,6010.50,5728.20,5735.07,3614500,5735.07
2004-05-31,6106.19,6106.19,5630.12,5724.89,3241800,5724.89
2004-05-24,5927.46,6137.26,5873.80,6137.26,3908300,6137.26
2004-05-17,5632.58,5993.28,5450.72,5964.94,4304400,5964.94
2004-05-10,5929.72,6026.64,5704.21,5777.32,3504200,5777.32
2004-05-03,6102.60,6191.84,5818.57,6040.26,4445000,6040.26
2004-04-26,6752.90,6775.67,6023.58,6117.81,4877200,6117.81
2004-04-19,6852.45,6912.09,6678.70,6748.10,6224300,6748.10
2004-04-12,6701.36,6916.31,6701.36,6818.20,7408400,6818.20
2004-04-05,6627.23,6744.56,6555.41,6620.36,5384800,6620.36
2004-03-29,6348.86,6581.99,6327.34,6545.54,5556600,6545.54
2004-03-22,6360.33,6368.03,6020.64,6132.62,5846400,6132.62
2004-03-15,6897.78,6897.78,6564.31,6815.09,6772700,6815.09
2004-03-08,6997.66,7025.11,6766.16,6800.24,6588700,6800.24
2004-03-01,6816.79,7135.00,6816.79,6943.68,10580500,6943.68
2004-02-23,6686.67,6756.76,6589.23,6750.54,7111500,6750.54
2004-02-16,6566.76,6708.04,6518.10,6665.54,8474600,6665.54
2004-02-09,6442.84,6578.82,6397.34,6549.18,8800600,6549.18
2004-02-02,6379.98,6388.97,6210.35,6353.35,6243000,6353.35
2004-01-27,6371.50,6421.45,6303.21,6375.38,6449700,6375.38
2004-01-12,6225.23,6311.46,6190.35,6269.71,4514300,6269.71
2004-01-05,6080.18,6257.89,6061.86,6226.98,6043000,6226.98
2003-12-29,5870.08,6043.30,5804.89,6041.56,3489200,6041.56
2003-12-22,5782.09,5900.10,5773.64,5857.21,2937800,5857.21
2003-12-15,5910.92,5924.24,5718.44,5759.23,2929200,5759.23
2003-12-08,5869.16,5922.71,5773.75,5858.32,2734200,5858.32
2003-12-01,5768.69,5945.53,5752.15,5900.05,2962400,5900.05
2003-11-24,5845.49,5917.70,5740.57,5771.77,2830100,5771.77
2003-11-17,6011.74,6011.74,5749.19,5830.06,3351100,5830.06
2003-11-10,6053.14,6094.70,5971.13,6044.77,4058200,6044.77
2003-11-03,6054.31,6182.20,5958.87,6056.83,5224700,6056.83
2003-10-27,5946.02,6173.85,5941.09,6045.12,4469400,6045.12
2003-10-20,6041.53,6116.58,5918.14,5918.14,4786700,5918.14
2003-10-13,5907.21,6077.60,5906.96,6042.71,5657000,6042.71
2003-10-06,5810.84,5879.68,5782.89,5869.88,5335600,5869.88
2003-09-29,5645.08,5759.00,5560.55,5747.79,2893400,5747.79
2003-09-22,5732.81,5750.14,5633.07,5650.11,3367200,5650.11
2003-09-15,5640.22,5809.43,5605.99,5757.91,3452700,5757.91
2003-09-08,5638.20,5800.80,5591.33,5645.28,3551800,5645.28
2003-09-01,5690.84,5756.08,5620.29,5639.03,3979800,5639.03
2003-08-25,5667.04,5686.85,5504.52,5650.83,4249300,5650.83
2003-08-18,5528.09,5692.93,5480.64,5646.62,4679800,5646.62
2003-08-11,5239.17,5540.00,5174.77,5488.74,4446800,5488.74
2003-08-04,5393.10,5407.50,5193.18,5232.55,3527900,5232.55
2003-07-28,5476.16,5504.38,5260.83,5390.51,4408300,5390.51
2003-07-21,5338.53,5441.02,5213.06,5394.75,4603200,5394.75
2003-07-14,5282.98,5435.12,5250.03,5287.38,6065800,5287.38
2003-07-07,5227.31,5416.98,5179.36,5239.96,6901200,5239.96
2003-06-30,4881.80,5197.72,4864.57,5151.85,5565000,5151.85
2003-06-23,5014.80,5036.86,4856.33,4877.90,4092800,4877.90
2003-06-16,4875.43,5089.08,4873.67,5002.58,6038400,5002.58
2003-06-09,4725.84,4914.41,4715.82,4881.90,4859000,4881.90
2003-06-02,4620.54,4779.40,4612.10,4740.45,4326500,4740.45
2003-05-26,4393.40,4639.01,4393.40,4555.90,3625500,4555.90
2003-05-19,4259.88,4360.94,4184.85,4349.52,1832700,4349.52
2003-05-12,4264.74,4365.11,4245.21,4283.77,2031500,4283.77
2003-05-05,4167.42,4278.89,4146.14,4244.18,2204800,4244.18
2003-04-28,4126.25,4268.84,4044.73,4187.82,2781700,4187.82
2003-04-21,4652.24,4661.89,4231.56,4233.54,2811700,4233.54
2003-04-14,4540.09,4677.42,4456.96,4658.30,2678800,4658.30
2003-04-07,4505.74,4606.90,4479.12,4530.40,3098000,4530.40
2003-03-31,4442.10,4499.18,4275.39,4499.18,2024700,4499.18
2003-03-24,4619.07,4619.98,4465.28,4477.01,1703600,4477.01
2003-03-17,4441.80,4615.84,4357.88,4586.92,2821700,4586.92
2003-03-10,4370.68,4532.97,4240.60,4476.17,2550400,4476.17
2003-03-03,4483.44,4546.85,4312.28,4350.59,2351500,4350.59
2003-02-24,4585.80,4613.08,4385.61,4432.46,2524100,4432.46
2003-02-17,4629.57,4707.73,4520.76,4548.35,3344800,4548.35
2003-02-10,4696.57,4715.18,4463.06,4493.99,3359800,4493.99
2003-01-27,5037.10,5055.31,4641.06,4735.37,5129300,4735.37
2003-01-20,4875.74,5141.80,4875.74,5057.32,6332100,5057.32
2003-01-13,4895.30,5082.39,4895.30,4907.78,6455200,4907.78
2003-01-06,4653.99,4884.64,4635.87,4850.80,5906700,4850.80
2002-12-30,4508.59,4641.46,4413.14,4626.32,2013900,4626.32
2002-12-23,4607.79,4627.72,4462.21,4547.32,000,4547.32
2002-12-16,4554.98,4633.65,4480.98,4595.67,000,4595.67
2002-12-09,4826.12,4867.23,4586.41,4588.14,000,4588.14
2002-12-02,4655.42,4805.65,4613.15,4738.98,000,4738.98
2002-11-25,4731.31,4772.36,4588.40,4646.69,000,4646.69
2002-11-18,4828.44,4862.66,4573.08,4707.61,000,4707.61
2002-11-11,4790.94,4828.28,4603.62,4813.53,000,4813.53
2002-11-04,4599.48,4811.01,4546.76,4811.01,000,4811.01
2002-10-28,4630.84,4682.94,4448.03,4500.55,000,4500.55
2002-10-21,4446.10,4633.09,4352.32,4564.06,000,4564.06
2002-10-14,3885.68,4465.99,3847.10,4458.17,000,4458.17
2002-10-07,4020.42,4031.57,3845.76,3850.04,000,3850.04
2002-09-30,4147.04,4260.41,4014.21,4067.79,000,4067.79
2002-09-23,4424.16,4450.08,4127.59,4208.80,000,4208.80
2002-09-16,4578.15,4633.86,4369.51,4429.25,000,4429.25
2002-09-09,4475.99,4707.55,4438.91,4580.17,000,4580.17
2002-09-02,4756.01,4756.01,4459.37,4459.37,000,4459.37
2002-08-26,4933.85,4958.78,4747.42,4764.94,000,4764.94
2002-08-19,4937.77,5030.24,4856.03,4968.85,000,4968.85
2002-08-12,4855.61,5008.35,4787.96,4919.02,000,4919.02
2002-08-05,4684.55,4861.98,4506.60,4851.44,000,4851.44
2002-07-29,4826.82,5019.82,4796.45,4920.89,000,4920.89
2002-07-22,5064.51,5171.51,4828.51,4855.34,000,4855.34
2002-07-15,5427.33,5460.09,5133.29,5161.92,000,5161.92
2002-07-08,5350.31,5420.15,5162.26,5416.50,000,5416.50
2002-07-01,5124.50,5255.23,4808.16,5255.23,000,5255.23
2002-06-24,5440.61,5467.25,5048.31,5153.71,000,5153.71
2002-06-17,5589.64,5625.15,5264.35,5460.53,000,5460.53
2002-06-10,5477.01,5585.51,5357.12,5562.12,000,5562.12
2002-06-03,5628.27,5656.91,5423.26,5433.02,000,5433.02
2002-05-27,5624.81,5796.73,5565.00,5675.65,000,5675.65
2002-05-20,5739.45,5739.45,5421.80,5706.40,000,5706.40
2002-05-13,5751.46,5933.68,5718.60,5789.84,000,5789.84
2002-05-06,5807.50,5884.28,5525.30,5807.30,000,5807.30
2002-04-29,6244.26,6258.18,5750.82,5910.32,000,5910.32
2002-04-22,6470.45,6484.93,6266.46,6306.93,000,6306.93
2002-04-15,6226.57,6460.87,6179.61,6448.12,000,6448.12
2002-04-08,6204.57,6246.32,6009.45,6182.59,000,6182.59
2002-04-01,6118.45,6326.13,6118.45,6207.09,000,6207.09
2002-03-25,6194.16,6326.43,6100.72,6167.47,000,6167.47
2002-03-18,5999.60,6203.21,5877.39,6140.42,000,6140.42
2002-03-11,6088.19,6212.28,5939.46,5951.45,000,5951.45
2002-03-04,5878.46,6137.01,5834.26,6011.65,000,6011.65
2002-02-25,5644.22,5736.22,5492.94,5680.78,000,5680.78
2002-02-18,6048.65,6048.65,5532.17,5609.83,000,5609.83
2002-02-04,5867.45,5978.89,5773.07,5926.08,000,5926.08
2002-01-28,6026.87,6049.12,5738.99,5857.93,000,5857.93
2002-01-21,5569.60,5978.57,5565.01,5950.64,000,5950.64
2002-01-14,5625.64,5661.02,5375.40,5522.80,000,5522.80
2002-01-07,5691.15,5926.99,5657.93,5687.59,000,5687.59
2001-12-31,5481.07,5690.29,5477.53,5638.53,000,5638.53
2001-12-24,5132.61,5505.19,5100.52,5398.28,000,5398.28
2001-12-17,5502.04,5588.45,5090.55,5109.24,000,5109.24
2001-12-10,5345.51,5651.98,5191.32,5486.73,000,5486.73
2001-12-03,4534.37,5335.01,4532.19,5333.93,000,5333.93
2001-11-26,4560.56,4722.18,4376.22,4441.12,000,4441.12
2001-11-19,4459.39,4605.68,4401.46,4519.08,000,4519.08
2001-11-12,4126.00,4491.50,4090.96,4446.62,000,4446.62
2001-11-05,4014.74,4208.51,3984.68,4123.78,000,4123.78
2001-10-29,4081.94,4084.89,3872.33,3998.48,000,3998.48
2001-10-22,3866.70,4104.21,3861.71,4043.57,000,4043.57
2001-10-15,3724.66,3872.81,3699.82,3845.62,000,3845.62
2001-10-08,3519.35,3898.36,3495.93,3801.50,000,3801.50
2001-10-02,3623.67,3623.67,3436.25,3585.46,000,3585.46
2001-09-24,3503.33,3649.19,3411.68,3636.94,000,3636.94
2001-09-18,3871.31,3916.93,3588.46,3591.85,000,3591.85
2001-09-10,4254.48,4305.74,3763.42,3774.62,000,3774.62
2001-09-03,4520.00,4526.27,4244.86,4302.16,000,4302.16
2001-08-27,4352.34,4576.33,4333.20,4509.44,000,4509.44
2001-08-20,4520.12,4595.75,4303.34,4310.32,000,4310.32
2001-08-13,4492.28,4715.20,4470.17,4638.36,000,4638.36
2001-08-06,4507.84,4527.75,4367.54,4476.91,000,4476.91
2001-07-31,4299.57,4579.16,4275.42,4530.68,000,4530.68
2001-07-23,4248.35,4417.62,4008.08,4320.59,000,4320.59
2001-07-16,4505.72,4510.74,4065.64,4220.33,000,4220.33
2001-07-09,4677.04,4715.33,4483.09,4485.68,000,4485.68
2001-07-02,4886.49,4906.82,4663.82,4707.01,000,4707.01
2001-06-26,4932.15,4948.44,4741.54,4883.43,000,4883.43
2001-06-18,5132.52,5132.60,4884.91,4904.34,000,4904.34
2001-06-11,5211.70,5318.71,5080.80,5158.63,000,5158.63
2001-06-04,5012.14,5282.82,4944.98,5226.28,000,5226.28
2001-05-28,5123.90,5174.81,4991.32,5013.96,000,5013.96
2001-05-21,5079.72,5246.79,4902.22,5170.08,000,5170.08
2001-05-14,5161.25,5212.04,5081.14,5111.67,000,5111.67
2001-05-07,5278.91,5316.79,5033.56,5232.72,000,5232.72
2001-04-30,5430.59,5502.53,5211.70,5244.05,000,5244.05
2001-04-23,5607.46,5644.68,5416.04,5416.67,000,5416.67
2001-04-16,5490.42,5683.63,5391.25,5596.63,000,5596.63
2001-04-09,5476.75,5601.49,5349.14,5495.47,000,5495.47
2001-04-02,5797.85,5797.85,5345.60,5515.13,000,5515.13
2001-03-26,5848.63,5981.31,5772.39,5797.92,000,5797.92
2001-03-19,5783.02,5836.17,5602.14,5800.55,000,5800.55
2001-03-12,5578.69,5846.39,5498.56,5783.93,000,5783.93
2001-03-05,5506.60,5794.34,5473.01,5680.43,000,5680.43
2001-02-26,5746.65,5805.40,5471.62,5499.54,000,5499.54
2001-02-19,5921.18,6079.62,5678.23,5726.93,000,5726.93
2001-02-12,5807.61,6198.22,5795.68,6045.67,000,6045.67
2001-02-05,6012.43,6042.72,5653.86,5809.84,000,5809.84
2001-01-29,5850.70,6103.10,5577.87,6049.26,000,6049.26
2001-01-15,5292.75,5892.53,5254.83,5847.91,000,5847.91
2001-01-08,5248.10,5531.20,5188.51,5339.40,000,5339.40
2001-01-02,4717.49,5298.43,4678.00,5295.53,000,5295.53
2000-12-26,4871.86,4880.41,4555.91,4743.94,000,4743.94
2000-12-18,5116.07,5127.73,4728.41,4811.22,000,4811.22
2000-12-11,5283.81,5403.14,5202.04,5224.74,000,5224.74
2000-12-04,5239.82,5366.79,5102.68,5252.83,000,5252.83
2000-11-27,5510.80,5526.13,5163.23,5342.06,000,5342.06
2000-11-20,4994.73,5423.43,4760.68,5419.99,000,5419.99
2000-11-13,5878.64,5942.06,5168.97,5351.36,000,5351.36
2000-11-06,5679.09,6164.62,5609.14,6088.74,000,6088.74
2000-10-30,5644.26,5813.44,5381.42,5796.08,000,5796.08
2000-10-23,5644.73,6035.17,5539.97,5805.17,000,5805.17
2000-10-16,6060.44,6161.16,5074.44,5404.78,000,5404.78
2000-10-09,6336.30,6338.52,5482.98,5876.11,000,5876.11
2000-10-02,6165.64,6367.39,5904.98,6353.67,000,6353.67
2000-09-25,6618.16,6840.38,6425.58,6432.36,000,6432.36
2000-09-18,6990.48,7026.27,6600.10,6612.09,000,6612.09
2000-09-11,7297.78,7407.78,7120.31,7155.45,000,7155.45
2000-09-04,7758.54,7829.34,7360.50,7367.99,000,7367.99
2000-08-28,7985.45,7985.45,7381.01,7420.06,000,7420.06
2000-08-21,8232.91,8305.67,8014.95,8026.32,000,8026.32
2000-08-14,7977.42,8276.24,7821.74,8176.82,000,8176.82
2000-08-07,7804.00,8105.63,7670.28,7974.65,000,7974.65
2000-07-31,8126.80,8192.73,7736.19,7925.20,000,7925.20
2000-07-24,8132.39,8177.70,7723.44,8122.11,000,8122.11
2000-07-17,8601.26,8643.21,8058.14,8167.37,000,8167.37
2000-07-10,8209.86,8530.50,8015.38,8497.13,000,8497.13
2000-07-03,8260.95,8438.72,7988.54,8173.08,000,8173.08
2000-06-26,8672.80,8675.47,8050.02,8265.09,000,8265.09
2000-06-19,8786.37,8861.03,8616.85,8684.93,000,8684.93
2000-06-12,9073.83,9083.85,8791.67,8832.15,000,8832.15
2000-06-05,8967.41,9209.48,8894.82,9036.66,000,9036.66
2000-05-29,8597.59,9026.86,8571.35,8883.45,000,8883.45
2000-05-22,8903.32,8967.36,8386.37,8559.46,000,8559.46
2000-05-15,8639.94,9146.59,8456.53,9119.77,000,9119.77
2000-05-08,8669.47,8749.62,8281.68,8560.44,000,8560.44
2000-05-02,8836.83,8838.78,8338.92,8698.53,000,8698.53
2000-04-24,9128.95,9128.95,8458.40,8824.36,000,8824.36
2000-04-17,8848.16,9477.67,8796.77,9120.48,000,9120.48
2000-04-10,9979.23,10194.91,9370.13,9374.61,000,9374.61
2000-04-03,9892.78,10328.98,9816.22,9921.03,000,9921.03
2000-03-27,9531.91,10071.26,9531.91,9854.95,000,9854.95
2000-03-20,8483.41,9571.28,8355.89,9482.64,000,9482.64
2000-03-13,9229.49,9229.49,8250.46,8763.27,000,8763.27
2000-03-06,9519.80,9712.39,9286.39,9429.60,000,9429.60
2000-02-29,9525.65,9781.27,9410.11,9588.03,000,9588.03
2000-02-21,10165.24,10212.99,9407.79,9432.49,000,9432.49
2000-02-14,10152.46,10393.59,9853.86,10096.38,000,10096.38
2000-01-31,9653.24,10227.33,9613.80,10128.67,000,10128.67
2000-01-24,9327.98,9753.72,9308.01,9696.91,000,9696.91
2000-01-17,9256.57,9384.52,9077.70,9255.94,000,9255.94
2000-01-10,8941.93,9332.52,8890.45,9023.24,000,9023.24
2000-01-04,8644.91,9023.99,8642.50,8849.87,000,8849.87
